0 0 1 0
0.06 0.117577 0.965323 0.0632936
0.12 0.229298 0.910563 0.126834
0.18 0.333756 0.837894 0.190103
0.24 0.4297 0.749788 0.252582
0.3 0.516044 0.64895 0.313749
0.36 0.591882 0.538244 0.373087
0.42 0.656488 0.420624 0.430091
0.48 0.709328 0.299056 0.484265
0.54 0.750053 0.176461 0.535132
0.6 0.778504 0.0556439 0.582236
0.66 0.794705 -0.0607627 0.625146
0.72 0.798853 -0.170347 0.66346
0.78 0.791316 -0.270966 0.696811
0.84 0.772615 -0.360775 0.724865
0.9 0.743415 -0.438262 0.747328
0.96 0.70451 -0.502262 0.76395
1.02 0.656804 -0.551968 0.774523
1.08 0.601298 -0.586932 0.77889
1.14 0.53907 -0.607059 0.776938
1.2 0.471255 -0.612591 0.768607
1.26 0.399031 -0.604088 0.753889
1.32 0.323597 -0.582399 0.732827
1.38 0.246156 -0.54863 0.705517
1.44 0.167898 -0.504106 0.672106
1.5 0.0899821 -0.450333 0.632794
1.56 0.0135214 -0.388952 0.587832
1.62 -0.0604309 -0.321702 0.537519
1.68 -0.130895 -0.250369 0.482202
1.74 -0.196978 -0.17675 0.422273
1.8 -0.257878 -0.102605 0.358167
1.86 -0.3129 -0.0296286 0.290357
1.92 -0.361457 0.0405943 0.219353
1.98 -0.403076 0.106613 0.145698
2.04 -0.437401 0.167141 0.0699622
2.1 -0.464194 0.221073 -0.00726029
2.16 -0.483335 0.267506 -0.0853556
2.22 -0.494818 0.305747 -0.163696
2.28 -0.498747 0.335321 -0.241642
2.34 -0.495333 0.355968 -0.318553
2.4 -0.484885 0.367642 -0.393788
2.46 -0.467803 0.370502 -0.466709
2.52 -0.444568 0.364897 -0.536693
2.58 -0.415732 0.351348 -0.603133
2.64 -0.381912 0.330533 -0.665441
2.7 -0.343771 0.303261 -0.723058
2.76 -0.302012 0.270447 -0.775457
2.82 -0.257368 0.23309 -0.822145
2.88 -0.210585 0.192242 -0.862673
2.94 -0.162415 0.148985 -0.896633
3 -0.113602 0.104405 -0.923669
3.06 -0.0648738 0.059566 -0.943477
3.12 -0.0169317 0.0154894 -0.955807
3.18 0.0295597 -0.0268698 -0.960467
3.24 0.0739803 -0.0666396 -0.957328
3.3 0.115762 -0.103047 -0.94632
3.36 0.154393 -0.135431 -0.927439
3.42 0.189429 -0.163251 -0.900745
3.48 0.22049 -0.186097 -0.86636
3.54 0.247267 -0.203687 -0.824474
3.6 0.269526 -0.215872 -0.775338
3.66 0.287105 -0.222632 -0.719268
3.72 0.299915 -0.224068 -0.656637
3.78 0.30794 -0.220398 -0.587879
3.84 0.311234 -0.211945 -0.513483
3.9 0.309915 -0.199121 -0.433988
3.96 0.304166 -0.18242 -0.349984
4.02 0.294227 -0.1624 -0.262104
4.08 0.28039 -0.139666 -0.171018
4.14 0.262992 -0.114857 -0.0774341
4.2 0.24241 -0.0886277 0.0179131
4.26 0.219055 -0.0616346 0.114265
4.32 0.193361 -0.0345206 0.210845
4.38 0.165783 -0.00790106 0.306867
4.44 0.136786 0.0176486 0.401537
4.5 0.106838 0.041604 0.494067
4.56 0.0764054 0.0635011 0.583672
4.62 0.0459456 0.082944 0.669585
4.68 0.0158992 0.0996105 0.751058
4.74 -0.0133145 0.113256 0.827371
4.8 -0.0413029 0.123715 0.897838
4.86 -0.067705 0.130902 0.961813
4.92 -0.0921955 0.134808 1.01869
4.98 -0.114488 0.1355 1.06793
5.04 -0.134339 0.133112 1.10902
5.1 -0.151548 0.127843 1.14154
5.16 -0.165959 0.119945 1.16511
5.22 -0.177463 0.109721 1.17944
5.28 -0.185997 0.0975085 1.18429
5.34 -0.191543 0.0836756 1.17952
5.4 -0.194126 0.0686093 1.16504
5.46 -0.193814 0.0527062 1.14085
5.52 -0.190713 0.0363633 1.10704
5.58 -0.184967 0.0199685 1.06377
5.64 -0.176752 0.00389304 1.01128
5.7 -0.166275 -0.0115166 0.949879
5.76 -0.153767 -0.025945 0.879969
5.82 -0.139479 -0.0391138 0.802016
5.88 -0.123683 -0.0507858 0.716563
5.94 -0.106658 -0.0607688 0.624217
